Iniciando Testbench---------------| clk | rst | opcode | state | MemtoReg | RegDst | IorD | PCSrc | ALUSrcB | ALUSrcA | IRWrite | MemWrite | PCWrite | BranchEQ | BranchNE | RegWrite | ALUOp ||  1  |  1  | 100011 | 0000  | 0 | 0 | 0 | 00 | 01 | 0 | 1 | 0 | 1 | 0 | 0 | 0 | 00 | OK
|  0  |  0  | 100011 | 0000  | 0 | 0 | 0 | 00 | 01 | 0 | 1 | 0 | 1 | 0 | 0 | 0 | 00 | OK
|  1  |  0  | 100011 | 0001  | 0 | 0 | 0 | 00 | 11 | 0 | 0 | 0 | 0 | 0 | 0 | 0 | 00 | OK
|  0  |  0  | 100011 | 0001  | 0 | 0 | 0 | 00 | 11 | 0 | 0 | 0 | 0 | 0 | 0 | 0 | 00 | OK
|  1  |  0  | 100011 | 0010  | 0 | 0 | 0 | 00 | 10 | 1 | 0 | 0 | 0 | 0 | 0 | 0 | 00 | OK
|  0  |  0  | 100011 | 0010  | 0 | 0 | 0 | 00 | 10 | 1 | 0 | 0 | 0 | 0 | 0 | 0 | 00 | OK
|  1  |  0  | 100011 | 0011  | 0 | 0 | 1 | 00 | 00 | 0 | 0 | 0 | 0 | 0 | 0 | 0 | 00 | OK
|  0  |  0  | 100011 | 0011  | 0 | 0 | 1 | 00 | 00 | 0 | 0 | 0 | 0 | 0 | 0 | 0 | 00 | OK
|  1  |  0  | 100011 | 0100  | 1 | 0 | 0 | 00 | 00 | 0 | 0 | 0 | 0 | 0 | 0 | 1 | 00 | OK
|  0  |  0  | 100011 | 0100  | 1 | 0 | 0 | 00 | 00 | 0 | 0 | 0 | 0 | 0 | 0 | 1 | 00 | OK
|  1  |  0  | 100011 | 0000  | 0 | 0 | 0 | 00 | 01 | 0 | 1 | 0 | 1 | 0 | 0 | 0 | 00 | OK
|  0  |  0  | 101011 | 0000  | 0 | 0 | 0 | 00 | 01 | 0 | 1 | 0 | 1 | 0 | 0 | 0 | 00 | OK
|  1  |  0  | 101011 | 0001  | 0 | 0 | 0 | 00 | 11 | 0 | 0 | 0 | 0 | 0 | 0 | 0 | 00 | OK
|  0  |  0  | 101011 | 0001  | 0 | 0 | 0 | 00 | 11 | 0 | 0 | 0 | 0 | 0 | 0 | 0 | 00 | OK
|  1  |  0  | 101011 | 0010  | 0 | 0 | 0 | 00 | 10 | 1 | 0 | 0 | 0 | 0 | 0 | 0 | 00 | OK
|  0  |  0  | 101011 | 0010  | 0 | 0 | 0 | 00 | 10 | 1 | 0 | 0 | 0 | 0 | 0 | 0 | 00 | OK
|  1  |  0  | 101011 | 0101  | 0 | 0 | 1 | 00 | 00 | 0 | 0 | 1 | 0 | 0 | 0 | 0 | 00 | OK
|  0  |  0  | 101011 | 0101  | 0 | 0 | 1 | 00 | 00 | 0 | 0 | 1 | 0 | 0 | 0 | 0 | 00 | OK
|  1  |  0  | 101011 | 0000  | 0 | 0 | 0 | 00 | 01 | 0 | 1 | 0 | 1 | 0 | 0 | 0 | 00 | OK
|  0  |  0  | 000000 | 0000  | 0 | 0 | 0 | 00 | 01 | 0 | 1 | 0 | 1 | 0 | 0 | 0 | 00 | OK
|  1  |  0  | 000000 | 0001  | 0 | 0 | 0 | 00 | 11 | 0 | 0 | 0 | 0 | 0 | 0 | 0 | 00 | OK
|  0  |  0  | 000000 | 0001  | 0 | 0 | 0 | 00 | 11 | 0 | 0 | 0 | 0 | 0 | 0 | 0 | 00 | OK
|  1  |  0  | 000000 | 0110  | 0 | 0 | 0 | 00 | 00 | 1 | 0 | 0 | 0 | 0 | 0 | 0 | 10 | OK
|  0  |  0  | 000000 | 0110  | 0 | 0 | 0 | 00 | 00 | 1 | 0 | 0 | 0 | 0 | 0 | 0 | 10 | OK
|  1  |  0  | 000000 | 0111  | 0 | 1 | 0 | 00 | 00 | 0 | 0 | 0 | 0 | 0 | 0 | 1 | 00 | OK
|  0  |  0  | 000000 | 0111  | 0 | 1 | 0 | 00 | 00 | 0 | 0 | 0 | 0 | 0 | 0 | 1 | 00 | OK
|  1  |  0  | 000000 | 0000  | 0 | 0 | 0 | 00 | 01 | 0 | 1 | 0 | 1 | 0 | 0 | 0 | 00 | OK
|  0  |  0  | 000100 | 0000  | 0 | 0 | 0 | 00 | 01 | 0 | 1 | 0 | 1 | 0 | 0 | 0 | 00 | OK
|  1  |  0  | 000100 | 0001  | 0 | 0 | 0 | 00 | 11 | 0 | 0 | 0 | 0 | 0 | 0 | 0 | 00 | OK
|  0  |  0  | 000100 | 0001  | 0 | 0 | 0 | 00 | 11 | 0 | 0 | 0 | 0 | 0 | 0 | 0 | 00 | OK
|  1  |  0  | 000100 | 1000  | 0 | 0 | 0 | 01 | 00 | 1 | 0 | 0 | 0 | 1 | 0 | 0 | 01 | OK
|  0  |  0  | 000100 | 1000  | 0 | 0 | 0 | 01 | 00 | 1 | 0 | 0 | 0 | 1 | 0 | 0 | 01 | OK
|  1  |  0  | 000100 | 0000  | 0 | 0 | 0 | 00 | 01 | 0 | 1 | 0 | 1 | 0 | 0 | 0 | 00 | OK
|  0  |  0  | 000101 | 0000  | 0 | 0 | 0 | 00 | 01 | 0 | 1 | 0 | 1 | 0 | 0 | 0 | 00 | OK
|  1  |  0  | 000101 | 0001  | 0 | 0 | 0 | 00 | 11 | 0 | 0 | 0 | 0 | 0 | 0 | 0 | 00 | OK
|  0  |  0  | 000101 | 0001  | 0 | 0 | 0 | 00 | 11 | 0 | 0 | 0 | 0 | 0 | 0 | 0 | 00 | OK
|  1  |  0  | 000101 | 1100  | 0 | 0 | 0 | 01 | 00 | 1 | 0 | 0 | 0 | 0 | 1 | 0 | 01 | OK
|  0  |  0  | 000101 | 1100  | 0 | 0 | 0 | 01 | 00 | 1 | 0 | 0 | 0 | 0 | 1 | 0 | 01 | OK
|  1  |  0  | 000101 | 0000  | 0 | 0 | 0 | 00 | 01 | 0 | 1 | 0 | 1 | 0 | 0 | 0 | 00 | OK
|  0  |  0  | 000010 | 0000  | 0 | 0 | 0 | 00 | 01 | 0 | 1 | 0 | 1 | 0 | 0 | 0 | 00 | OK
|  1  |  0  | 000010 | 0001  | 0 | 0 | 0 | 00 | 11 | 0 | 0 | 0 | 0 | 0 | 0 | 0 | 00 | OK
|  0  |  0  | 000010 | 0001  | 0 | 0 | 0 | 00 | 11 | 0 | 0 | 0 | 0 | 0 | 0 | 0 | 00 | OK
|  1  |  0  | 000010 | 1011  | 0 | 0 | 0 | 10 | 00 | 0 | 0 | 0 | 1 | 0 | 0 | 0 | 00 | OK
|  0  |  0  | 000010 | 1011  | 0 | 0 | 0 | 10 | 00 | 0 | 0 | 0 | 1 | 0 | 0 | 0 | 00 | OK
|  1  |  0  | 000010 | 0000  | 0 | 0 | 0 | 00 | 01 | 0 | 1 | 0 | 1 | 0 | 0 | 0 | 00 | OK
|  0  |  0  | 001000 | 0000  | 0 | 0 | 0 | 00 | 01 | 0 | 1 | 0 | 1 | 0 | 0 | 0 | 00 | OK
|  1  |  0  | 001000 | 0001  | 0 | 0 | 0 | 00 | 11 | 0 | 0 | 0 | 0 | 0 | 0 | 0 | 00 | OK
|  0  |  0  | 001000 | 0001  | 0 | 0 | 0 | 00 | 11 | 0 | 0 | 0 | 0 | 0 | 0 | 0 | 00 | OK
|  1  |  0  | 001000 | 1001  | 0 | 0 | 0 | 00 | 10 | 1 | 0 | 0 | 0 | 0 | 0 | 0 | 11 | OK
|  0  |  0  | 001000 | 1001  | 0 | 0 | 0 | 00 | 10 | 1 | 0 | 0 | 0 | 0 | 0 | 0 | 11 | OK
|  1  |  0  | 001000 | 1010  | 0 | 0 | 0 | 00 | 00 | 0 | 0 | 0 | 0 | 0 | 0 | 1 | 00 | OK
|  0  |  0  | 001000 | 1010  | 0 | 0 | 0 | 00 | 00 | 0 | 0 | 0 | 0 | 0 | 0 | 1 | 00 | OK
|  1  |  0  | 001000 | 0000  | 0 | 0 | 0 | 00 | 01 | 0 | 1 | 0 | 1 | 0 | 0 | 0 | 00 | OK
|  0  |  0  | 001101 | 0000  | 0 | 0 | 0 | 00 | 01 | 0 | 1 | 0 | 1 | 0 | 0 | 0 | 00 | OK
|  1  |  0  | 001101 | 0001  | 0 | 0 | 0 | 00 | 11 | 0 | 0 | 0 | 0 | 0 | 0 | 0 | 00 | OK
|  0  |  0  | 001101 | 0001  | 0 | 0 | 0 | 00 | 11 | 0 | 0 | 0 | 0 | 0 | 0 | 0 | 00 | OK
|  1  |  0  | 001101 | 1001  | 0 | 0 | 0 | 00 | 10 | 1 | 0 | 0 | 0 | 0 | 0 | 0 | 11 | OK
|  0  |  0  | 001101 | 1001  | 0 | 0 | 0 | 00 | 10 | 1 | 0 | 0 | 0 | 0 | 0 | 0 | 11 | OK
|  1  |  0  | 001101 | 1010  | 0 | 0 | 0 | 00 | 00 | 0 | 0 | 0 | 0 | 0 | 0 | 1 | 00 | OK
|  0  |  0  | 001101 | 1010  | 0 | 0 | 0 | 00 | 00 | 0 | 0 | 0 | 0 | 0 | 0 | 1 | 00 | OK
|  1  |  0  | 001101 | 0000  | 0 | 0 | 0 | 00 | 01 | 0 | 1 | 0 | 1 | 0 | 0 | 0 | 00 | OK
|  0  |  0  | 001110 | 0000  | 0 | 0 | 0 | 00 | 01 | 0 | 1 | 0 | 1 | 0 | 0 | 0 | 00 | OK
|  1  |  0  | 001110 | 0001  | 0 | 0 | 0 | 00 | 11 | 0 | 0 | 0 | 0 | 0 | 0 | 0 | 00 | OK
|  0  |  0  | 001110 | 0001  | 0 | 0 | 0 | 00 | 11 | 0 | 0 | 0 | 0 | 0 | 0 | 0 | 00 | OK
|  1  |  0  | 001110 | 1001  | 0 | 0 | 0 | 00 | 10 | 1 | 0 | 0 | 0 | 0 | 0 | 0 | 11 | OK
|  0  |  0  | 001110 | 1001  | 0 | 0 | 0 | 00 | 10 | 1 | 0 | 0 | 0 | 0 | 0 | 0 | 11 | OK
|  1  |  0  | 001110 | 1010  | 0 | 0 | 0 | 00 | 00 | 0 | 0 | 0 | 0 | 0 | 0 | 1 | 00 | OK
|  0  |  0  | 001110 | 1010  | 0 | 0 | 0 | 00 | 00 | 0 | 0 | 0 | 0 | 0 | 0 | 1 | 00 | OK
|  1  |  0  | 001110 | 0000  | 0 | 0 | 0 | 00 | 01 | 0 | 1 | 0 | 1 | 0 | 0 | 0 | 00 | OK
|  0  |  0  | 001010 | 0000  | 0 | 0 | 0 | 00 | 01 | 0 | 1 | 0 | 1 | 0 | 0 | 0 | 00 | OK
|  1  |  0  | 001010 | 0001  | 0 | 0 | 0 | 00 | 11 | 0 | 0 | 0 | 0 | 0 | 0 | 0 | 00 | OK
|  0  |  0  | 001010 | 0001  | 0 | 0 | 0 | 00 | 11 | 0 | 0 | 0 | 0 | 0 | 0 | 0 | 00 | OK
|  1  |  0  | 001010 | 1001  | 0 | 0 | 0 | 00 | 10 | 1 | 0 | 0 | 0 | 0 | 0 | 0 | 11 | OK
|  0  |  0  | 001010 | 1001  | 0 | 0 | 0 | 00 | 10 | 1 | 0 | 0 | 0 | 0 | 0 | 0 | 11 | OK
|  1  |  0  | 001010 | 1010  | 0 | 0 | 0 | 00 | 00 | 0 | 0 | 0 | 0 | 0 | 0 | 1 | 00 | OK
|  0  |  0  | 001010 | 1010  | 0 | 0 | 0 | 00 | 00 | 0 | 0 | 0 | 0 | 0 | 0 | 1 | 00 | OK
|  1  |  0  | 001010 | 0000  | 0 | 0 | 0 | 00 | 01 | 0 | 1 | 0 | 1 | 0 | 0 | 0 | 00 | OK
Testes Efetuados  = 78Erros Encontrados = 0